Проверки в строке: 282
Проверки в столбце: 272
Проверки в блоке: 272
Проверки для конкретного числа в блоке: 40
Голых пар в строке: 0
Голых пар в столбце: 8
Голых пар в блоке: 0
Осталось открыть клеток: 51
 0 3 4 0 6 0 0 0 0
 0 1 0 0 4 3 0 8 0
 0 6 0 3 0 0 0 0 0
 3 0 7 4 0 6 0 0 0
 0 0 5 0 0 2 7 3 0
 7 9 0 0 3 4 0 0 8
 0 0 0 9 7 8 0 0 3
 0 7 0 0 0 9 3 0 0
 0 0 3 0 0 0 0 0 0

 0 1 1 0-1 0 0 0 0
 0-1 0 0-1 1 0-1 0
 0-1 0-1 0 0 0 0 0
-1 0 1-1 0-1 0 0 0
 0 0-1 0 0-1-1 1 0
 1-1 0 0 1 4 0 0 1
 0 0 0-1 1-1 0 0-1
 0-1 0 0 0 3-1 0 0
 0 0 1 0 0 0 0 0 0
