Проверки в строке: 393
Проверки в столбце: 393
Проверки в блоке: 389
Проверки для конкретного числа в блоке: 49
Голых пар в строке: 0
Голых пар в столбце: 6
Голых пар в блоке: 0
Осталось открыть клеток: 56
 5 0 0 0 6 0 0 0 0
 0 6 0 1 7 3 9 0 0
 0 7 0 6 0 0 0 0 3
 0 0 0 0 3 0 7 6 0
 0 3 6 4 9 0 0 2 0
 0 0 0 0 0 6 0 3 0
 0 2 0 0 0 0 0 0 0
 0 0 0 0 8 9 3 0 0
 0 0 0 0 0 0 6 0 0

-1 0 0 0-1 0 0 0 0
 0 3 0-1 4 4-1 0 0
 0-1 0 2 0 0 0 0-1
 0 0 0 0-1 0-1 4 0
 0 4 2-1 2 0 0-1 0
 0 0 0 0 0-1 0 4 0
 0-1 0 0 0 0 0 0 0
 0 0 0 0-1-1-1 0 0
 0 0 0 0 0 0 2 0 0
