Проверки в строке: 285
Проверки в столбце: 285
Проверки в блоке: 283
Проверки для конкретного числа в блоке: 38
Голых пар в строке: 0
Голых пар в столбце: 6
Голых пар в блоке: 0
Осталось открыть клеток: 58
 2 0 0 1 9 0 0 0 0
 0 0 0 0 7 0 0 0 4
 0 7 0 0 0 8 0 0 0
 0 0 0 3 0 0 7 0 0
 0 0 0 0 0 0 0 0 0
 0 6 0 8 2 3 0 0 0
 0 0 1 0 5 7 0 0 0
 9 0 4 0 8 6 0 5 0
 1 0 0 0 3 0 0 0 0

-1 0 0-1-1 0 0 0 0
 0 0 0 0 2 0 0 0-1
 0-1 0 0 0-1 0 0 0
 0 0 0-1 0 0-1 0 0
 0 0 0 0 0 0 0 0 0
 0-1 0-1-1-1 0 0 0
 0 0 4 0-1 4 0 0 0
-1 0-1 0 2-1 0-1 0
-1 0 0 0 4 0 0 0 0
