0 0 0 0 2 0 0 7 
0 0 8 7 0 0 0 0 
0 0 0 0 0 6 0 0 
0 8 0 0 0 7 0 0 
0 0 0 0 1 0 3 6 
0 0 5 0 0 0 4 0 
0 0 0 0 6 0 0 0 
0 4 2 0 0 0 0 0 
8 8 4 4 4 5 5 1 
8 8 4 4 5 5 5 1 
8 8 4 4 4 5 5 1 
8 2 6 7 7 5 1 1 
8 2 6 6 7 3 3 1 
2 2 6 6 7 3 3 1 
2 2 6 6 7 3 3 1 
2 2 6 7 7 7 3 3 
134568 1356 1346 13456 2 13458 158 7 
123456 12356 8 7 345 1345 125 12345 
123457 12357 134 1345 345 6 1258 123458 
123456 8 1346 2345 345 7 125 1245 
2457 27 47 48 1 258 3 6 
12367 12367 5 38 378 28 4 128 
12357 137 137 1348 6 1258 12578 12358 
13567 4 2 358 3578 358 15678 158 
