3 0 0 0 1 0 0 0 
0 0 0 0 5 4 0 0 
0 0 1 3 0 0 0 0 
8 0 0 0 2 0 1 0 
0 3 0 0 0 0 0 0 
0 6 0 0 0 7 0 8 
0 0 0 6 0 0 0 4 
0 0 0 0 0 0 0 0 
2 2 2 2 2 2 2 5 
7 7 7 2 5 5 5 5 
7 7 7 7 5 5 5 3 
4 7 4 3 3 3 3 3 
4 4 4 3 1 1 1 3 
4 4 4 1 1 1 1 1 
6 6 6 8 8 8 8 8 
6 6 6 6 6 8 8 8 
3 24578 245678 2478 1 268 25678 267 
267 278 2678 278 5 4 23678 12367 
24567 2457 1 3 678 68 2678 567 
8 457 457 457 2 356 1 3567 
12457 3 2457 4578 46 56 2456 567 
1245 6 245 1245 34 7 235 8 
1257 12578 23578 6 38 12358 235 4 
124567 124578 234578 124578 3478 12358 23578 12357 
